$ 1 5.0000000000000004e-8 32.755850052045055 1 5 43 5e-11
f 224 144 272 144 41 1.5 0.02
f 224 304 272 304 33 1.5 0.02
34 zener-15 0 1.7143528192810002e-7 0 2 15 0
z 192 192 272 192 2 zener-15
r 272 224 192 224 0 100000
r 160 240 64 240 0 10
w 160 240 192 240 0
w 192 240 192 224 0
w 192 192 192 144 0
w 192 144 224 144 0
w 192 256 192 304 0
w 192 304 224 304 0
407 -32 208 0 208 2049
v 64 96 272 96 0 0 40 12 0 0 0.5
w 64 208 64 96 0
v 608 160 608 240 0 0 40 60 0 0 0.5
w 272 128 272 96 0
w 272 352 272 320 0
w 272 288 272 256 0
w 272 224 272 192 0
w 272 192 272 160 0
v -128 208 -128 240 0 2 100 1.65 1.65 0 0.5
r -32 240 -128 240 0 1000
w -128 208 -32 208 0
r 576 192 448 192 0 1000
c 112 352 32 352 4 4.7e-10 0.0010000000000640434 0.001 0
w 192 256 192 240 0
w 272 256 272 224 0
w 192 192 192 224 0
v 576 336 576 192 0 0 40 60 0 0 0.5
429 384 176 448 176 0 1 false 2
w 272 352 336 352 0
w 384 304 384 224 0
w 384 304 384 352 0
w 384 352 336 352 0
w 448 240 448 336 0
w 448 336 576 336 0
w 384 176 336 176 0
w 336 176 336 96 0
w 336 96 272 96 0
r 448 208 528 240 0 1000
w 448 160 608 160 0
w 608 240 528 240 0
g -128 208 -128 160 0 0
o 23 32 0 4098 0.0000762939453125 0.1 0 3 23 3 21 3
o 20 32 0 4098 0.0000762939453125 0.1 1 2 20 3
o 39 32 0 4098 0.0048828125 0.1 2 2 39 3
