$ 1 5.0000000000000004e-8 10.20027730826997 50 5 43 5e-11
f 448 224 512 224 32 1.5 0.02
R 704 -64 704 -112 0 0 40 60 0 0 0.5
w 512 176 512 208 0
370 704 -64 704 0 3 0 0
p 768 -64 768 48 1 0 0 10000000
r 704 0 704 48 0 10
g 512 272 512 288 0 0
w 512 272 448 272 0
r 448 272 448 224 0 10000
r 448 224 336 224 0 10
407 240 256 304 256 1
R 336 144 336 80 0 0 40 5 0 0 0.5
g 336 288 336 336 0 0
w 336 256 336 224 0
w 336 224 336 208 0
r 240 256 176 256 0 100
v 80 288 80 256 0 2 1000 1.65 1.65 0 0.5
w 80 288 240 288 0
w 80 256 176 256 0
x 629 36 694 39 4 24 LOAD
w 768 48 704 48 0
w 768 -64 704 -64 0
w 512 144 512 176 0
r 336 144 336 208 0 150
w 512 240 512 272 0
f 640 128 704 128 32 1.5 0.02
g 704 272 704 320 0 0
w 512 128 512 144 0
r 640 128 640 272 0 10000
w 640 272 704 272 0
w 704 144 704 192 0
w 704 112 704 48 0
r 512 128 512 16 0 1000
w 704 -64 608 -64 0
w 512 -64 512 16 0
34 fwdrop\q0.806 1 1.7143528192810002e-7 0 2.0000000000000084 20 1
z 608 192 608 128 2 fwdrop\q0.806
w 608 128 640 128 0
w 640 272 608 272 0
w 512 -64 608 -64 0
r 608 192 608 272 0 1000
w 704 272 704 192 0
r 608 128 512 128 0 10
o 16 2 0 4098 5 0.1 0 2 16 3
