$ 1 5.0000000000000004e-8 10.20027730826997 50 5 43 5e-11
f 448 224 512 224 32 1.5 0.02
f 576 176 640 176 33 1.5 0.02
34 zener-15 1 1.7143528192810002e-7 0 2.0000000000000084 20 1
z 576 176 576 80 2 zener-15
R 640 80 640 32 0 0 40 60 0 0 0.5
w 640 160 640 80 0
w 576 80 640 80 0
r 512 80 512 176 0 10000
w 512 176 576 176 0
w 576 80 512 80 0
w 512 176 512 208 0
370 640 192 640 288 3 0 0
p 704 192 704 352 1 0 0 10000000
w 704 192 640 192 0
r 640 288 640 352 0 2
w 704 352 640 352 0
g 640 352 640 400 0 0
r 512 240 512 336 0 200
g 512 336 512 384 0 0
w 512 336 448 336 0
r 448 336 448 224 0 10000
r 448 224 336 224 0 10
407 240 256 304 256 1
R 336 144 336 80 0 0 40 5 0 0 0.5
r 336 144 336 208 0 1000
g 336 288 336 336 0 0
w 336 256 336 224 0
w 336 224 336 208 0
r 240 256 176 256 0 100
v 80 288 80 256 0 2 10000 1.65 1.65 0 0.5
w 80 288 240 288 0
w 80 256 176 256 0
o 12 2 0 4098 40 0.1 0 2 12 3
o 28 2 0 4098 5 0.1 1 2 28 3
